0, Ashburton Formation, {17127}
1, Beasley River Quartzite, {2225, 2227, 12618, 14303, 16502, 16739, 16740, 16742, 17127}
2, Boolgeeda Iron Formation, {2688, 2689, 2843, 7344, 12618, 14378, 15527, 16502, 16767, 16896}
3, Boongal Formation, {148, 818, 2235, 3494, 3496, 5001, 5276, 6825, 7097, 7099, 7344, 10762, 12647, 16015, 16245, 16398, 16744}
4, Brockman Iron Formation, {813, 958, 1236, 2235, 2238, 2246, 2688, 2840, 2843, 2997, 3495, 3496, 3498, 4721, 5986, 5991, 5993, 5997, 6000, 6205, 6519, 7344, 7439, 7536, 7966, 8174, 8551, 11429, 11442, 11445, 12642, 12647, 12660, 14378, 16397, 16502, 16503, 16744, 16754, 16816, 16825, 16878, 16896}
5, Bunjinah Formation, {313, 818, 962, 2235, 2248, 2837, 2843, 2996, 2997, 3370, 3496, 3498, 5298, 5463, 5471, 5475, 5484, 5993, 5997, 6205, 6374, 6522, 6825, 7099, 7222, 7344, 7439, 7966, 7967, 8174, 9401, 10762, 12647, 12658, 12660, 14378, 15552, 16015, 16245, 16397, 16398, 16399, 16502, 16503, 16744, 16769, 16825, 16896, 17031, 17127}
6, Duck Creek Dolomite, {12618, 17127}
7, Fortescue Group, {818, 958, 961, 2235, 2248, 2996, 2997, 3370, 3494, 5276, 5298, 5484, 5997, 6205, 6374, 6522, 6825, 7097, 7099, 7344, 7805, 7967, 8174, 8973, 10659, 12644, 12658, 12660, 14378, 15531, 15540, 15552, 16015, 16398, 16399, 16455, 16503, 16744, 16769}
8, Hardey Formation, {818, 2235, 3494, 3496, 5249, 6825, 7099, 7436, 7805, 10762, 12647, 15530, 15531, 16398, 16744}
9, Jeerinah Formation, {813, 958, 961, 962, 2235, 2248, 2837, 2843, 2996, 2997, 3496, 3498, 4721, 5298, 5475, 5484, 5993, 5997, 6000, 6205, 6519, 6825, 7344, 7439, 7966, 7967, 8174, 8400, 8973, 10659, 12630, 12641, 12644, 12647, 12658, 12660, 14378, 15540, 15552, 16015, 16397, 16399, 16455, 16502, 16503, 16744, 16769, 16816, 16825, 16878, 16896}
10, Kazput Formation, {2225, 14303, 16739, 16742}
11, Koolbye Formation, {2225, 14251, 14303, 16739}
12, Kungarra Formation, {12618, 14251, 14303, 15527, 16502, 16742, 16896}
13, Marra Mamba Iron Formation, {813, 815, 958, 2235, 2248, 2840, 2843, 2996, 2997, 3498, 4721, 5298, 5475, 5484, 5993, 5997, 6000, 6205, 6519, 6825, 7344, 7439, 8174, 8400, 8973, 10659, 12641, 12642, 12647, 12658, 12660, 14378, 15552, 16397, 16399, 16455, 16502, 16744, 16878, 16896}
14, Milli Milli Inlier metagranitic unit, {15531, 16398}
15, Milli Milli inlier greenstones, {818, 5249, 6825, 15530, 15531, 16744}
16, Mount McGrath Formation, {12618}
17, Mount McRae Shale and Mount Sylvia Formation, {1236, 2235, 2238, 2840, 2843, 2996, 2997, 3495, 3496, 3498, 5993, 5997, 6000, 6205, 6519, 7344, 7439, 7536, 7967, 8174, 8551, 11442, 12627, 12642, 12646, 12647, 12660, 14378, 15546, 16744, 16754}
18, Pyradie Formation, {148, 818, 2229, 2235, 3496, 5252, 5471, 6205, 6374, 6825, 7099, 7222, 7344, 10762, 12647, 16015, 16245, 16398, 16744}
19, Rocklea Inlier greenstones, {7436}
20, Rocklea Inlier metagranitic unit, {7436}
21, Turee Creek Group, {2689, 2843, 7344, 12618, 14378, 15527, 16502}
22, Weeli Wolli Formation, {2238, 2246, 2688, 2689, 2840, 2843, 3496, 3498, 5991, 6000, 6205, 7344, 8551, 8910, 11442, 12642, 12647, 14378, 16502, 16767, 16816, 16896, 17182}
23, Wittenoom Formation, {958, 1236, 2235, 2248, 2840, 2843, 2996, 2997, 3495, 3498, 5475, 5993, 5997, 6000, 6205, 6519, 6825, 7344, 7439, 8174, 8551, 8973, 11445, 12627, 12642, 12646, 12658, 12660, 14378, 15552, 16455, 16744, 16754}
24, Woongarra Rhyolite, {2688, 2689, 2843, 3498, 5986, 7344, 8910, 14378, 16502, 16767, 16896, 17182}
